c
1000
0
989
644
273
23
881
194
817
406
516
129
336
823
655
557
918
45
245
762
564
540
416
745
524
989
408
284
322
892
840
123
221
937
650
593
13
735
331
814
722
189
325
784
850
533
909
64
443
400
571
998
907
423
131
425
527
275
494
490
318
438
276
146
803
120
596
676
134
562
638
710
593
378
834
591
933
761
132
839
819
267
246
583
938
565
940
273
213
979
712
452
641
528
274
379
682
191
505
870
397
316
839
996
405
834
664
462
541
179
133
893
690
881
682
967
713
778
796
576
185
966
489
205
499
635
512
650
725
644
691
239
640
631
781
610
392
539
82
72
242
403
556
955
840
548
318
724
865
546
610
661
546
903
929
790
244
159
591
75
427
340
12
48
625
797
186
247
153
219
763
292
418
996
250
741
810
59
815
238
919
228
308
875
190
842
615
53
598
510
877
4
51
988
206
537
74
229
659
114
881
64
842
703
391
122
268
884
201
491
803
730
33
936
764
929
840
268
768
487
206
624
309
583
634
249
255
108
442
457
264
514
439
298
107
419
6
729
469
193
135
922
925
897
703
455
99
391
720
26
194
274
940
519
627
287
69
622
794
993
718
988
539
246
488
754
969
394
925
488
870
140
207
248
500
654
64
58
529
260
764
844
725
397
469
722
308
378
34
757
913
215
463
369
942
537
43
121
969
393
273
978
117
217
800
716
627
362
665
433
922
554
317
353
662
495
223
227
586
739
658
831
359
543
72
470
503
928
816
773
370
427
806
820
256
521
656
977
751
635
773
33
746
413
483
740
568
998
942
922
748
669
566
145
657
44
942
132
151
968
873
915
544
976
350
807
70
385
264
546
254
988
836
390
618
257
591
63
421
307
710
102
117
794
16
334
421
770
253
776
488
679
583
567
317
256
282
913
333
577
614
97
643
203
813
363
874
188
753
960
851
227
943
311
648
145
706
671
643
187
896
852
463
844
563
618
348
359
4
89
385
891
914
931
530
781
808
656
218
698
552
200
986
51
989
444
782
164
25
701
215
299
902
929
573
303
486
190
338
404
253
459
129
836
226
473
414
998
986
719
623
666
465
960
854
958
901
170
609
819
77
59
367
114
334
807
364
751
203
435
427
606
343
338
254
740
365
270
859
380
537
934
263
80
177
303
392
672
648
375
910
804
239
625
323
76
1000
832
760
743
294
181
483
295
725
149
946
72
716
746
105
915
694
755
866
653
492
863
30
247
431
176
623
1000
685
728
568
17
114
435
157
307
17
313
139
333
716
138
102
480
577
32
846
861
646
179
93
953
497
236
560
414
929
201
199
417
33
879
456
494
941
397
365
236
676
194
564
741
9
954
42
180
369
894
739
914
323
921
853
810
136
649
462
772
681
728
584
982
882
752
288
665
735
242
646
558
93
653
728
269
436
449
747
213
315
983
53
374
315
505
381
457
23
512
846
481
55
706
684
585
105
55
511
335
677
962
344
497
507
414
423
91
29
679
147
499
83
775
719
489
994
609
196
527
436
624
79
775
692
759
94
729
194
776
45
867
838
412
649
702
482
877
472
214
356
602
968
700
372
966
513
78
514
406
913
562
846
179
993
196
759
896
456
301
782
160
648
988
656
677
686
452
59
516
454
181
816
726
248
953
674
244
108
626
910
627
961
410
397
99
204
665
981
214
813
482
115
877
845
815
68
864
156
606
189
320
286
6
731
673
52
625
516
139
700
603
131
32
225
928
951
117
165
200
340
27
163
797
57
379
204
352
658
470
843
743
143
475
435
778
263
992
269
498
202
49
632
691
119
464
907
558
761
978
226
672
34
230
222
551
977
178
495
356
355
182
429
99
966
695
197
254
652
857
21
258
712
575
632
434
125
423
779
708
603
901
596
550
714
886
36
929
426
92
860
909
426
141
397
76
94
277
177
188
545
369
6
461
495
130
394
31
398
691
423
370
6
84
519
379
421
763
987
853
691
334
423
34
84
228
904
202
122
364
172
84
497
113
391
807
735
779
182
363
965
224
499
883
510
630
338
999
88
402
912
209
764
853
750
680
828
839
742
444
158
31
544
218
109
531
239
519
711
467
32
45
295
235
976
524
735
467
206
59
344
799
359
69
266
492
644
928
886
828
929
268
32
3
712
483
971
366
42
133
429
199
673
633
974
387
740
599
905
954
542
145
550
964
969
639
419
713
100
490
820
228
522
894
410
363
575
46
258
420
863
421
644
234
434
797
803
481
805
707
815
821
285
788
966
415
820
128
518
515
683
566
145
193
551
531
827
285
